alg_name: top_k_nlogn_cp
n: 100
k: 3
times: 3.313000e-005 3.297000e-005 3.297000e-005 3.282000e-005 3.250000e-005 
k: 30
times: 3.297000e-005 3.281000e-005 3.297000e-005 3.281000e-005 3.297000e-005 
n: 1000
k: 3
times: 4.875000e-004 4.875000e-004 4.875000e-004 4.875000e-004 4.875000e-004 
k: 30
times: 4.765000e-004 4.766000e-004 4.766000e-004 4.766000e-004 4.781000e-004 
k: 300
times: 4.766000e-004 4.766000e-004 4.750000e-004 4.750000e-004 4.765000e-004 
n: 10000
k: 3
times: 6.297000e-003 6.313000e-003 6.312000e-003 6.312000e-003 6.328000e-003 
k: 30
times: 6.516000e-003 6.532000e-003 6.516000e-003 6.516000e-003 6.531000e-003 
k: 300
times: 6.453000e-003 6.468000e-003 6.453000e-003 6.469000e-003 6.468000e-003 
k: 3000
times: 6.547000e-003 6.547000e-003 6.547000e-003 6.531000e-003 6.547000e-003 
n: 100000
k: 3
times: 7.828000e-002 7.828000e-002 7.812000e-002 7.812000e-002 7.813000e-002 
k: 30
times: 7.750000e-002 7.750000e-002 7.750000e-002 7.750000e-002 7.750000e-002 
k: 300
times: 7.735000e-002 7.735000e-002 7.735000e-002 7.734000e-002 7.734000e-002 
k: 3000
times: 7.875000e-002 7.875000e-002 7.875000e-002 7.875000e-002 7.875000e-002 
k: 30000
times: 7.766000e-002 7.766000e-002 7.766000e-002 7.766000e-002 7.766000e-002 
n: 1000000
k: 3
times: 7.656000e-001 7.656000e-001 7.656000e-001 7.672000e-001 7.656000e-001 
k: 30
times: 7.750000e-001 7.766000e-001 7.765000e-001 7.766000e-001 7.765000e-001 
k: 300
times: 7.625000e-001 7.625000e-001 7.625000e-001 7.625000e-001 7.625000e-001 
k: 3000
times: 7.719000e-001 7.719000e-001 7.719000e-001 7.718000e-001 7.719000e-001 
k: 30000
times: 7.766000e-001 7.766000e-001 7.782000e-001 7.766000e-001 7.766000e-001 
k: 300000
times: 7.891000e-001 7.875000e-001 7.922000e-001 7.969000e-001 7.938000e-001 
n: 10000000
k: 3
times: 7.688000e+000 7.656000e+000 7.656000e+000 7.657000e+000 7.641000e+000 
k: 30
times: 7.797000e+000 7.797000e+000 7.797000e+000 7.813000e+000 7.813000e+000 
k: 300
times: 7.782000e+000 7.968000e+000 7.828000e+000 7.828000e+000 7.844000e+000 
k: 3000
times: 7.766000e+000 7.719000e+000 7.687000e+000 7.687000e+000 7.687000e+000 
k: 30000
times: 7.781000e+000 7.765000e+000 7.782000e+000 7.765000e+000 7.782000e+000 
k: 300000
times: 7.640000e+000 7.687000e+000 7.719000e+000 7.703000e+000 7.719000e+000 
k: 3000000
times: 7.625000e+000 7.578000e+000 7.610000e+000 7.641000e+000 7.609000e+000 
alg_name: top_k_nlogk_cp
n: 100
k: 3
times: 1.578000e-006 1.594000e-006 1.594000e-006 1.594000e-006 1.593000e-006 
k: 30
times: 9.109000e-006 9.063000e-006 9.078000e-006 9.063000e-006 9.063000e-006 
n: 1000
k: 3
times: 4.860000e-006 4.875000e-006 4.859000e-006 4.860000e-006 4.859000e-006 
k: 30
times: 2.719000e-005 2.704000e-005 2.719000e-005 2.719000e-005 2.718000e-005 
k: 300
times: 1.468000e-004 1.469000e-004 1.469000e-004 1.469000e-004 1.484000e-004 
n: 10000
k: 3
times: 3.671000e-005 3.687000e-005 3.672000e-005 3.687000e-005 3.672000e-005 
k: 30
times: 6.734000e-005 6.735000e-005 6.734000e-005 6.734000e-005 6.750000e-005 
k: 300
times: 3.938000e-004 3.922000e-004 3.922000e-004 3.953000e-004 3.922000e-004 
k: 3000
times: 1.907000e-003 1.906000e-003 1.906000e-003 1.906000e-003 1.890000e-003 
n: 100000
k: 3
times: 3.406000e-004 3.406000e-004 3.422000e-004 3.406000e-004 3.422000e-004 
k: 30
times: 3.937000e-004 3.922000e-004 3.954000e-004 3.953000e-004 3.953000e-004 
k: 300
times: 9.328000e-004 9.313000e-004 9.328000e-004 9.375000e-004 9.359000e-004 
k: 3000
times: 5.453000e-003 5.437000e-003 5.437000e-003 5.454000e-003 5.437000e-003 
k: 30000
times: 2.453000e-002 2.438000e-002 2.437000e-002 2.453000e-002 2.453000e-002 
n: 1000000
k: 3
times: 3.813000e-003 3.812000e-003 3.813000e-003 3.828000e-003 3.828000e-003 
k: 30
times: 3.875000e-003 3.875000e-003 3.875000e-003 3.891000e-003 3.906000e-003 
k: 300
times: 4.641000e-003 4.625000e-003 4.625000e-003 4.609000e-003 4.640000e-003 
k: 3000
times: 1.219000e-002 1.234000e-002 1.219000e-002 1.234000e-002 1.234000e-002 
k: 30000
times: 6.969000e-002 6.969000e-002 6.953000e-002 6.953000e-002 6.937000e-002 
k: 300000
times: 3.140000e-001 3.125000e-001 3.282000e-001 3.172000e-001 3.406000e-001 
n: 10000000
k: 3
times: 3.921000e-002 3.907000e-002 3.906000e-002 3.890000e-002 3.891000e-002 
k: 30
times: 3.890000e-002 3.907000e-002 3.890000e-002 3.907000e-002 3.890000e-002 
k: 300
times: 4.000000e-002 3.984000e-002 3.984000e-002 4.000000e-002 3.985000e-002 
k: 3000
times: 5.343000e-002 5.391000e-002 5.422000e-002 5.422000e-002 5.328000e-002 
k: 30000
times: 1.469000e-001 1.469000e-001 1.469000e-001 1.469000e-001 1.469000e-001 
k: 300000
times: 8.938000e-001 8.953000e-001 8.922000e-001 8.922000e-001 8.922000e-001 
k: 3000000
times: 4.469000e+000 4.484000e+000 4.453000e+000 4.484000e+000 4.469000e+000 
alg_name: top_k_n_cp
n: 100
k: 3
times: 2.140000e-006 2.140000e-006 2.141000e-006 2.141000e-006 2.141000e-006 
k: 30
times: 2.781000e-006 2.797000e-006 2.781000e-006 2.765000e-006 2.781000e-006 
n: 1000
k: 3
times: 2.109000e-005 2.110000e-005 2.109000e-005 2.109000e-005 2.109000e-005 
k: 30
times: 1.734000e-005 1.734000e-005 1.750000e-005 1.734000e-005 1.750000e-005 
k: 300
times: 2.953000e-005 2.938000e-005 2.937000e-005 2.954000e-005 2.968000e-005 
n: 10000
k: 3
times: 1.000000e-004 1.000000e-004 9.984000e-005 1.000000e-004 1.016000e-004 
k: 30
times: 1.016000e-004 1.031000e-004 1.015000e-004 1.016000e-004 1.032000e-004 
k: 300
times: 2.140000e-004 2.156000e-004 2.203000e-004 2.235000e-004 2.188000e-004 
k: 3000
times: 1.985000e-004 1.969000e-004 1.969000e-004 1.954000e-004 1.969000e-004 
n: 100000
k: 3
times: 2.281000e-003 2.281000e-003 2.282000e-003 2.297000e-003 2.281000e-003 
k: 30
times: 1.062000e-003 1.078000e-003 1.078000e-003 1.062000e-003 1.078000e-003 
k: 300
times: 1.766000e-003 1.766000e-003 1.781000e-003 1.781000e-003 1.782000e-003 
k: 3000
times: 1.954000e-003 1.953000e-003 1.938000e-003 1.954000e-003 1.953000e-003 
k: 30000
times: 3.015000e-003 3.047000e-003 3.046000e-003 3.000000e-003 3.000000e-003 
n: 1000000
k: 3
times: 2.062000e-002 2.078000e-002 2.078000e-002 2.093000e-002 2.094000e-002 
k: 30
times: 1.953000e-002 1.921000e-002 1.922000e-002 1.938000e-002 1.938000e-002 
k: 300
times: 1.734000e-002 1.735000e-002 1.750000e-002 1.734000e-002 1.734000e-002 
k: 3000
times: 1.750000e-002 1.781000e-002 1.703000e-002 1.625000e-002 1.640000e-002 
k: 30000
times: 2.422000e-002 2.422000e-002 2.438000e-002 2.437000e-002 2.406000e-002 
k: 300000
times: 3.344000e-002 3.375000e-002 3.359000e-002 3.297000e-002 3.297000e-002 
n: 10000000
k: 3
times: 2.047000e-001 2.047000e-001 2.062000e-001 2.047000e-001 2.047000e-001 
k: 30
times: 1.625000e-001 1.610000e-001 1.625000e-001 1.609000e-001 1.610000e-001 
k: 300
times: 1.765000e-001 1.781000e-001 1.797000e-001 1.765000e-001 1.766000e-001 
k: 3000
times: 1.391000e-001 1.406000e-001 1.390000e-001 1.391000e-001 1.407000e-001 
k: 30000
times: 2.047000e-001 2.047000e-001 2.047000e-001 2.047000e-001 2.047000e-001 
k: 300000
times: 2.188000e-001 2.203000e-001 2.187000e-001 2.172000e-001 2.187000e-001 
k: 3000000
times: 3.594000e-001 3.625000e-001 3.640000e-001 3.625000e-001 3.641000e-001 
alg_name: top_k_nlogn_ip
n: 100
k: 3
times: 3.234000e-005 3.218000e-005 3.204000e-005 3.234000e-005 3.235000e-005 
k: 30
times: 3.422000e-005 3.437000e-005 3.438000e-005 3.454000e-005 3.563000e-005 
n: 1000
k: 3
times: 4.985000e-004 4.968000e-004 4.984000e-004 4.938000e-004 4.953000e-004 
k: 30
times: 4.859000e-004 4.859000e-004 4.844000e-004 4.860000e-004 4.829000e-004 
k: 300
times: 4.843000e-004 5.000000e-004 4.906000e-004 4.907000e-004 4.907000e-004 
n: 10000
k: 3
times: 6.500000e-003 6.517000e-003 6.531000e-003 6.531000e-003 6.515000e-003 
k: 30
times: 6.735000e-003 6.734000e-003 6.734000e-003 6.750000e-003 6.657000e-003 
k: 300
times: 6.640000e-003 6.625000e-003 6.563000e-003 6.594000e-003 6.578000e-003 
k: 3000
times: 6.657000e-003 6.656000e-003 6.626000e-003 6.624000e-003 6.656000e-003 
n: 100000
k: 3
times: 8.078000e-002 7.984000e-002 7.937000e-002 7.953000e-002 7.968000e-002 
k: 30
times: 7.828000e-002 7.828000e-002 7.829000e-002 7.828000e-002 7.813000e-002 
k: 300
times: 7.937000e-002 7.938000e-002 7.937000e-002 7.938000e-002 7.922000e-002 
k: 3000
times: 7.968000e-002 7.985000e-002 8.000000e-002 7.968000e-002 8.000000e-002 
k: 30000
times: 8.109000e-002 8.078000e-002 8.110000e-002 8.094000e-002 8.079000e-002 
n: 1000000
k: 3
times: 7.813000e-001 7.813000e-001 7.814000e-001 7.798000e-001 7.813000e-001 
k: 30
times: 7.890000e-001 7.921000e-001 7.905000e-001 7.891000e-001 7.906000e-001 
k: 300
times: 7.765000e-001 7.765000e-001 7.765000e-001 7.781000e-001 7.750000e-001 
k: 3000
times: 7.907000e-001 7.829000e-001 7.860000e-001 7.782000e-001 7.827000e-001 
k: 30000
times: 7.859000e-001 7.860000e-001 7.860000e-001 7.829000e-001 7.859000e-001 
k: 300000
times: 7.968000e-001 7.968000e-001 7.968000e-001 7.970000e-001 7.953000e-001 
n: 10000000
k: 3
times: 7.720000e+000 7.718000e+000 7.718000e+000 7.688000e+000 7.720000e+000 
k: 30
times: 7.858000e+000 7.876000e+000 7.874000e+000 7.892000e+000 7.891000e+000 
k: 300
times: 7.812000e+000 7.812000e+000 7.797000e+000 7.812000e+000 7.812000e+000 
k: 3000
times: 7.749000e+000 7.735000e+000 7.734000e+000 7.749000e+000 7.767000e+000 
k: 30000
times: 7.843000e+000 7.859000e+000 7.827000e+000 7.843000e+000 7.843000e+000 
k: 300000
times: 7.688000e+000 7.688000e+000 7.718000e+000 7.720000e+000 7.718000e+000 
k: 3000000
times: 7.655000e+000 7.656000e+000 7.640000e+000 7.640000e+000 7.624000e+000 
alg_name: top_k_n_ip
n: 100
k: 3
times: 1.407000e-006 1.390000e-006 1.421000e-006 1.407000e-006 1.405000e-006 
k: 30
times: 2.048000e-006 2.047000e-006 2.046000e-006 2.046000e-006 2.062000e-006 
n: 1000
k: 3
times: 1.999000e-005 2.001000e-005 1.999000e-005 2.000000e-005 2.001000e-005 
k: 30
times: 1.640000e-005 1.626000e-005 1.640000e-005 1.625000e-005 1.610000e-005 
k: 300
times: 2.813000e-005 2.829000e-005 2.828000e-005 2.829000e-005 2.828000e-005 
n: 10000
k: 3
times: 9.391000e-005 9.390000e-005 9.391000e-005 9.392000e-005 9.375000e-005 
k: 30
times: 9.563000e-005 9.594000e-005 9.609000e-005 9.578000e-005 9.578000e-005 
k: 300
times: 2.078000e-004 2.093000e-004 2.061000e-004 2.077000e-004 2.061000e-004 
k: 3000
times: 1.860000e-004 1.860000e-004 1.858000e-004 1.858000e-004 1.843000e-004 
n: 100000
k: 3
times: 2.078000e-003 2.078000e-003 2.079000e-003 2.078000e-003 2.078000e-003 
k: 30
times: 8.968000e-004 9.171000e-004 9.015000e-004 9.017000e-004 9.031000e-004 
k: 300
times: 1.564000e-003 1.562000e-003 1.564000e-003 1.562000e-003 1.564000e-003 
k: 3000
times: 1.750000e-003 1.734000e-003 1.750000e-003 1.751000e-003 1.766000e-003 
k: 30000
times: 2.797000e-003 2.751000e-003 2.765000e-003 2.781000e-003 2.782000e-003 
n: 1000000
k: 3
times: 1.437000e-002 1.438000e-002 1.438000e-002 1.438000e-002 1.406000e-002 
k: 30
times: 1.250000e-002 1.282000e-002 1.266000e-002 1.251000e-002 1.281000e-002 
k: 300
times: 1.093000e-002 1.094000e-002 1.108000e-002 1.093000e-002 1.093000e-002 
k: 3000
times: 1.124000e-002 1.124000e-002 1.126000e-002 1.094000e-002 1.140000e-002 
k: 30000
times: 1.923000e-002 1.906000e-002 1.905000e-002 1.875000e-002 1.874000e-002 
k: 300000
times: 2.828000e-002 2.843000e-002 2.812000e-002 2.798000e-002 2.828000e-002 
n: 10000000
k: 3
times: 1.469000e-001 1.484000e-001 1.501000e-001 1.484000e-001 1.468000e-001 
k: 30
times: 1.048000e-001 1.048000e-001 1.031000e-001 1.047000e-001 1.031000e-001 
k: 300
times: 1.171000e-001 1.171000e-001 1.171000e-001 1.186000e-001 1.171000e-001 
k: 3000
times: 7.968000e-002 8.062000e-002 8.016000e-002 8.077000e-002 7.984000e-002 
k: 30000
times: 1.454000e-001 1.437000e-001 1.437000e-001 1.437000e-001 1.469000e-001 
k: 300000
times: 1.578000e-001 1.564000e-001 1.594000e-001 1.578000e-001 1.592000e-001 
k: 3000000
times: 2.937000e-001 2.984000e-001 2.967000e-001 2.969000e-001 2.969000e-001 
alg_name: top_k_n_ip_cpp
n: 100
k: 3
times: 1.437000e-005 1.437000e-005 1.469000e-005 1.438000e-005 1.438000e-005 
k: 30
times: 2.391000e-005 2.374000e-005 2.374000e-005 2.374000e-005 2.391000e-005 
n: 1000
k: 3
times: 1.282000e-004 1.297000e-004 1.297000e-004 1.297000e-004 1.297000e-004 
k: 30
times: 1.187000e-004 1.156000e-004 1.171000e-004 1.172000e-004 1.171000e-004 
k: 300
times: 1.703000e-004 1.718000e-004 1.671000e-004 1.672000e-004 1.673000e-004 
n: 10000
k: 3
times: 1.203000e-003 1.203000e-003 1.187000e-003 1.203000e-003 1.171000e-003 
k: 30
times: 1.375000e-003 1.359000e-003 1.375000e-003 1.345000e-003 1.343000e-003 
k: 300
times: 2.328000e-003 2.328000e-003 2.328000e-003 2.313000e-003 2.313000e-003 
k: 3000
times: 2.031000e-003 2.031000e-003 2.031000e-003 2.031000e-003 2.032000e-003 
n: 100000
k: 3
times: 1.469000e-002 1.453000e-002 1.454000e-002 1.437000e-002 1.453000e-002 
k: 30
times: 1.140000e-002 1.109000e-002 1.093000e-002 1.125000e-002 1.093000e-002 
k: 300
times: 9.250000e-003 9.266000e-003 9.250000e-003 9.234000e-003 9.234000e-003 
k: 3000
times: 1.156000e-002 1.171000e-002 1.157000e-002 1.157000e-002 1.156000e-002 
k: 30000
times: 1.078000e-002 1.048000e-002 1.047000e-002 1.078000e-002 1.078000e-002 
n: 1000000
k: 3
times: 1.079000e-001 1.048000e-001 1.048000e-001 1.078000e-001 1.095000e-001 
k: 30
times: 1.048000e-001 1.031000e-001 1.048000e-001 1.046000e-001 1.046000e-001 
k: 300
times: 1.095000e-001 1.079000e-001 1.077000e-001 1.061000e-001 1.078000e-001 
k: 3000
times: 1.219000e-001 1.234000e-001 1.234000e-001 1.250000e-001 1.251000e-001 
k: 30000
times: 1.406000e-001 1.421000e-001 1.422000e-001 1.437000e-001 1.437000e-001 
k: 300000
times: 2.234000e-001 2.235000e-001 2.251000e-001 2.203000e-001 2.218000e-001 
n: 10000000
k: 3
times: 9.593000e-001 9.625000e-001 9.624000e-001 9.611000e-001 9.656000e-001 
k: 30
times: 9.359000e-001 9.360000e-001 9.312000e-001 9.328000e-001 9.328000e-001 
k: 300
times: 1.078000e+000 1.079000e+000 1.063000e+000 1.046000e+000 1.079000e+000 
k: 3000
times: 1.078000e+000 1.078000e+000 1.093000e+000 1.093000e+000 1.093000e+000 
k: 30000
times: 9.564000e-001 9.531000e-001 9.548000e-001 9.547000e-001 9.578000e-001 
k: 300000
times: 1.220000e+000 1.234000e+000 1.234000e+000 1.204000e+000 1.204000e+000 
k: 3000000
times: 1.703000e+000 1.704000e+000 1.671000e+000 1.704000e+000 1.689000e+000 
