alg_name: top_k_nlogn_cp
n: 100
k: 3
times: 7.922000e-006 7.813000e-006 7.859000e-006 7.859000e-006 7.828000e-006 
k: 30
times: 7.765000e-006 7.766000e-006 7.781000e-006 7.766000e-006 7.750000e-006 
n: 1000
k: 3
times: 1.172000e-004 1.172000e-004 1.172000e-004 1.172000e-004 1.171000e-004 
k: 30
times: 1.141000e-004 1.140000e-004 1.141000e-004 1.141000e-004 1.141000e-004 
k: 300
times: 1.156000e-004 1.156000e-004 1.172000e-004 1.156000e-004 1.157000e-004 
n: 10000
k: 3
times: 1.516000e-003 1.531000e-003 1.516000e-003 1.515000e-003 1.531000e-003 
k: 30
times: 1.516000e-003 1.515000e-003 1.516000e-003 1.515000e-003 1.516000e-003 
k: 300
times: 1.515000e-003 1.516000e-003 1.515000e-003 1.516000e-003 1.547000e-003 
k: 3000
times: 1.531000e-003 1.531000e-003 1.547000e-003 1.531000e-003 1.531000e-003 
n: 100000
k: 3
times: 1.828000e-002 1.828000e-002 1.813000e-002 1.844000e-002 1.828000e-002 
k: 30
times: 1.797000e-002 1.828000e-002 1.859000e-002 1.813000e-002 1.828000e-002 
k: 300
times: 1.812000e-002 1.828000e-002 1.828000e-002 1.813000e-002 1.844000e-002 
k: 3000
times: 1.828000e-002 1.813000e-002 1.812000e-002 1.813000e-002 1.813000e-002 
k: 30000
times: 1.828000e-002 1.828000e-002 1.813000e-002 1.812000e-002 1.829000e-002 
n: 1000000
k: 3
times: 1.719000e-001 1.719000e-001 1.718000e-001 1.719000e-001 1.750000e-001 
k: 30
times: 1.718000e-001 1.719000e-001 1.688000e-001 1.703000e-001 1.718000e-001 
k: 300
times: 1.719000e-001 1.734000e-001 1.719000e-001 1.703000e-001 1.719000e-001 
k: 3000
times: 1.735000e-001 1.719000e-001 1.750000e-001 1.718000e-001 1.734000e-001 
k: 30000
times: 1.703000e-001 1.719000e-001 1.718000e-001 1.719000e-001 1.718000e-001 
k: 300000
times: 1.719000e-001 1.719000e-001 1.719000e-001 1.718000e-001 1.719000e-001 
n: 10000000
k: 3
times: 1.687000e+000 1.704000e+000 1.703000e+000 1.688000e+000 1.687000e+000 
k: 30
times: 1.672000e+000 1.688000e+000 1.688000e+000 1.687000e+000 1.672000e+000 
k: 300
times: 1.704000e+000 1.703000e+000 1.703000e+000 1.703000e+000 1.703000e+000 
k: 3000
times: 1.688000e+000 1.703000e+000 1.687000e+000 1.688000e+000 1.703000e+000 
k: 30000
times: 1.688000e+000 1.688000e+000 1.688000e+000 1.687000e+000 1.687000e+000 
k: 300000
times: 1.688000e+000 1.688000e+000 1.687000e+000 1.688000e+000 1.688000e+000 
k: 3000000
times: 1.688000e+000 1.687000e+000 1.688000e+000 1.687000e+000 1.688000e+000 
alg_name: top_k_nlogk_cp
n: 100
k: 3
times: 2.547000e-007 2.516000e-007 2.516000e-007 2.516000e-007 2.516000e-007 
k: 30
times: 8.938000e-007 8.860000e-007 8.859000e-007 8.906000e-007 8.875000e-007 
n: 1000
k: 3
times: 1.656000e-006 1.657000e-006 1.656000e-006 1.657000e-006 1.672000e-006 
k: 30
times: 4.282000e-006 4.328000e-006 4.312000e-006 4.328000e-006 4.328000e-006 
k: 300
times: 2.109000e-005 2.125000e-005 2.109000e-005 2.078000e-005 2.109000e-005 
n: 10000
k: 3
times: 1.469000e-005 1.484000e-005 1.484000e-005 1.453000e-005 1.468000e-005 
k: 30
times: 1.937000e-005 1.906000e-005 1.906000e-005 1.938000e-005 1.906000e-005 
k: 300
times: 6.781000e-005 6.766000e-005 6.750000e-005 6.735000e-005 6.734000e-005 
k: 3000
times: 2.672000e-004 2.640000e-004 2.656000e-004 2.641000e-004 2.656000e-004 
n: 100000
k: 3
times: 1.453000e-004 1.453000e-004 1.453000e-004 1.437000e-004 1.437000e-004 
k: 30
times: 1.500000e-004 1.516000e-004 1.515000e-004 1.516000e-004 1.531000e-004 
k: 300
times: 2.266000e-004 2.281000e-004 2.265000e-004 2.266000e-004 2.265000e-004 
k: 3000
times: 8.344000e-004 8.328000e-004 8.359000e-004 8.359000e-004 8.344000e-004 
k: 30000
times: 3.437000e-003 3.453000e-003 3.438000e-003 3.437000e-003 3.453000e-003 
n: 1000000
k: 3
times: 1.485000e-003 1.469000e-003 1.485000e-003 1.469000e-003 1.484000e-003 
k: 30
times: 1.516000e-003 1.546000e-003 1.531000e-003 1.547000e-003 1.516000e-003 
k: 300
times: 1.625000e-003 1.625000e-003 1.594000e-003 1.593000e-003 1.609000e-003 
k: 3000
times: 2.609000e-003 2.610000e-003 2.610000e-003 2.609000e-003 2.594000e-003 
k: 30000
times: 1.078000e-002 1.078000e-002 1.078000e-002 1.078000e-002 1.078000e-002 
k: 300000
times: 5.235000e-002 5.187000e-002 5.203000e-002 5.172000e-002 5.187000e-002 
n: 10000000
k: 3
times: 1.719000e-002 1.703000e-002 1.704000e-002 1.688000e-002 1.688000e-002 
k: 30
times: 1.704000e-002 1.703000e-002 1.703000e-002 1.718000e-002 1.719000e-002 
k: 300
times: 1.719000e-002 1.719000e-002 1.719000e-002 1.718000e-002 1.734000e-002 
k: 3000
times: 1.860000e-002 1.860000e-002 1.875000e-002 1.860000e-002 1.859000e-002 
k: 30000
times: 3.234000e-002 3.250000e-002 3.234000e-002 3.250000e-002 3.235000e-002 
k: 300000
times: 1.594000e-001 1.609000e-001 1.594000e-001 1.609000e-001 1.578000e-001 
k: 3000000
times: 1.156000e+000 1.156000e+000 1.172000e+000 1.157000e+000 1.157000e+000 
alg_name: top_k_n_cp
n: 100
k: 3
times: 8.187000e-007 8.156000e-007 8.203000e-007 8.188000e-007 8.125000e-007 
k: 30
times: 7.016000e-007 7.062000e-007 7.063000e-007 7.078000e-007 7.078000e-007 
n: 1000
k: 3
times: 7.547000e-006 6.484000e-006 6.453000e-006 6.485000e-006 6.453000e-006 
k: 30
times: 7.672000e-006 7.640000e-006 7.734000e-006 7.641000e-006 7.641000e-006 
k: 300
times: 1.141000e-005 1.156000e-005 1.156000e-005 1.156000e-005 1.141000e-005 
n: 10000
k: 3
times: 5.782000e-005 5.766000e-005 5.844000e-005 5.828000e-005 5.750000e-005 
k: 30
times: 8.859000e-005 8.891000e-005 8.875000e-005 8.875000e-005 8.875000e-005 
k: 300
times: 9.516000e-005 9.500000e-005 9.500000e-005 9.593000e-005 9.703000e-005 
k: 3000
times: 1.593000e-004 1.578000e-004 1.578000e-004 1.547000e-004 1.562000e-004 
n: 100000
k: 3
times: 9.063000e-004 9.063000e-004 9.109000e-004 9.031000e-004 9.000000e-004 
k: 30
times: 7.375000e-004 7.453000e-004 7.391000e-004 7.484000e-004 7.468000e-004 
k: 300
times: 1.000000e-003 1.000000e-003 1.047000e-003 1.047000e-003 1.031000e-003 
k: 3000
times: 8.922000e-004 8.891000e-004 9.015000e-004 8.906000e-004 9.031000e-004 
k: 30000
times: 1.250000e-003 1.250000e-003 1.234000e-003 1.219000e-003 1.235000e-003 
n: 1000000
k: 3
times: 9.187000e-003 9.188000e-003 9.110000e-003 9.031000e-003 9.062000e-003 
k: 30
times: 8.984000e-003 9.219000e-003 8.984000e-003 9.000000e-003 9.047000e-003 
k: 300
times: 1.203000e-002 1.203000e-002 1.188000e-002 1.203000e-002 1.203000e-002 
k: 3000
times: 1.015000e-002 1.016000e-002 1.015000e-002 1.016000e-002 1.015000e-002 
k: 30000
times: 8.640000e-003 8.640000e-003 8.844000e-003 8.781000e-003 8.860000e-003 
k: 300000
times: 1.157000e-002 1.157000e-002 1.188000e-002 1.157000e-002 1.141000e-002 
n: 10000000
k: 3
times: 1.500000e-001 1.531000e-001 1.516000e-001 1.500000e-001 1.484000e-001 
k: 30
times: 1.453000e-001 1.438000e-001 1.438000e-001 1.437000e-001 1.453000e-001 
k: 300
times: 1.703000e-001 1.703000e-001 1.703000e-001 1.672000e-001 1.687000e-001 
k: 3000
times: 1.360000e-001 1.359000e-001 1.390000e-001 1.343000e-001 1.360000e-001 
k: 30000
times: 1.594000e-001 1.578000e-001 1.531000e-001 1.547000e-001 1.578000e-001 
k: 300000
times: 1.125000e-001 1.110000e-001 1.094000e-001 1.110000e-001 1.094000e-001 
k: 3000000
times: 1.359000e-001 1.375000e-001 1.359000e-001 1.375000e-001 1.360000e-001 
alg_name: top_k_nlogn_ip
n: 100
k: 3
times: 7.593000e-006 7.640000e-006 7.640000e-006 7.718000e-006 7.735000e-006 
k: 30
times: 7.593000e-006 7.657000e-006 7.579000e-006 7.609000e-006 7.640000e-006 
n: 1000
k: 3
times: 1.141000e-004 1.156000e-004 1.156000e-004 1.156000e-004 1.140000e-004 
k: 30
times: 1.156000e-004 1.156000e-004 1.141000e-004 1.156000e-004 1.156000e-004 
k: 300
times: 1.203000e-004 1.203000e-004 1.171000e-004 1.157000e-004 1.187000e-004 
n: 10000
k: 3
times: 1.532000e-003 1.500000e-003 1.547000e-003 1.500000e-003 1.501000e-003 
k: 30
times: 1.516000e-003 1.500000e-003 1.531000e-003 1.547000e-003 1.500000e-003 
k: 300
times: 1.532000e-003 1.516000e-003 1.515000e-003 1.516000e-003 1.515000e-003 
k: 3000
times: 1.484000e-003 1.531000e-003 1.517000e-003 1.532000e-003 1.515000e-003 
n: 100000
k: 3
times: 1.812000e-002 1.796000e-002 1.796000e-002 1.798000e-002 1.813000e-002 
k: 30
times: 1.828000e-002 1.798000e-002 1.813000e-002 1.828000e-002 1.798000e-002 
k: 300
times: 1.796000e-002 1.813000e-002 1.767000e-002 1.797000e-002 1.813000e-002 
k: 3000
times: 1.813000e-002 1.813000e-002 1.782000e-002 1.780000e-002 1.796000e-002 
k: 30000
times: 1.828000e-002 1.812000e-002 1.813000e-002 1.812000e-002 1.796000e-002 
n: 1000000
k: 3
times: 1.672000e-001 1.687000e-001 1.702000e-001 1.672000e-001 1.671000e-001 
k: 30
times: 1.656000e-001 1.657000e-001 1.688000e-001 1.671000e-001 1.673000e-001 
k: 300
times: 1.704000e-001 1.702000e-001 1.702000e-001 1.687000e-001 1.703000e-001 
k: 3000
times: 1.703000e-001 1.704000e-001 1.671000e-001 1.703000e-001 1.672000e-001 
k: 30000
times: 1.655000e-001 1.703000e-001 1.688000e-001 1.688000e-001 1.655000e-001 
k: 300000
times: 1.687000e-001 1.657000e-001 1.671000e-001 1.671000e-001 1.672000e-001 
n: 10000000
k: 3
times: 1.671000e+000 1.657000e+000 1.653200e+000 1.641000e+000 1.641000e+000 
k: 30
times: 1.656000e+000 1.625000e+000 1.655000e+000 1.656000e+000 1.641000e+000 
k: 300
times: 1.657000e+000 1.656000e+000 1.671000e+000 1.657000e+000 1.656000e+000 
k: 3000
times: 1.671000e+000 1.671000e+000 1.640000e+000 1.671000e+000 1.673000e+000 
k: 30000
times: 1.656000e+000 1.625000e+000 1.641000e+000 1.656000e+000 1.642000e+000 
k: 300000
times: 1.655000e+000 1.656000e+000 1.657000e+000 1.640000e+000 1.656000e+000 
k: 3000000
times: 1.641000e+000 1.640000e+000 1.641000e+000 1.640000e+000 1.640000e+000 
alg_name: top_k_n_ip
n: 100
k: 3
times: 6.499000e-007 6.532000e-007 6.516000e-007 6.578000e-007 6.718000e-007 
k: 30
times: 5.499000e-007 5.467000e-007 5.422000e-007 5.453000e-007 5.501000e-007 
n: 1000
k: 3
times: 5.844000e-006 5.876000e-006 5.876000e-006 5.876000e-006 5.874000e-006 
k: 30
times: 7.031000e-006 7.031000e-006 7.016000e-006 7.000000e-006 7.032000e-006 
k: 300
times: 1.078000e-005 1.079000e-005 1.093000e-005 1.077000e-005 1.093000e-005 
n: 10000
k: 3
times: 7.781000e-005 7.781000e-005 7.859000e-005 7.827000e-005 7.796000e-005 
k: 30
times: 1.016000e-004 1.016000e-004 1.048000e-004 1.015600e-004 1.031000e-004 
k: 300
times: 7.483000e-005 7.625000e-005 7.532000e-005 7.515000e-005 7.500000e-005 
k: 3000
times: 8.641000e-005 8.624000e-005 8.626000e-005 8.656000e-005 8.672000e-005 
n: 100000
k: 3
times: 8.188000e-004 8.219000e-004 8.187000e-004 8.312000e-004 8.250000e-004 
k: 30
times: 6.547000e-004 6.547000e-004 6.563000e-004 6.548000e-004 6.547000e-004 
k: 300
times: 9.251000e-004 9.108000e-004 9.157000e-004 9.264000e-004 9.172000e-004 
k: 3000
times: 8.016000e-004 8.047000e-004 8.000000e-004 8.047000e-004 8.000000e-004 
k: 30000
times: 1.109000e-003 1.125000e-003 1.110000e-003 1.141000e-003 1.126000e-003 
n: 1000000
k: 3
times: 6.062000e-003 5.906000e-003 5.906000e-003 5.999000e-003 5.985000e-003 
k: 30
times: 5.766000e-003 5.719000e-003 5.844000e-003 5.859000e-003 5.813000e-003 
k: 300
times: 8.687000e-003 8.781000e-003 8.782000e-003 8.797000e-003 8.703000e-003 
k: 3000
times: 6.983000e-003 6.874000e-003 6.938000e-003 6.970000e-003 7.046000e-003 
k: 30000
times: 5.468000e-003 5.437000e-003 5.437000e-003 5.468000e-003 5.547000e-003 
k: 300000
times: 7.781000e-003 7.827000e-003 7.814000e-003 7.765000e-003 7.874000e-003 
n: 10000000
k: 3
times: 1.156000e-001 1.173000e-001 1.157000e-001 1.172000e-001 1.157000e-001 
k: 30
times: 1.094000e-001 1.094000e-001 1.109000e-001 1.109000e-001 1.094000e-001 
k: 300
times: 1.329000e-001 1.344000e-001 1.374000e-001 1.376000e-001 1.328000e-001 
k: 3000
times: 1.016000e-001 9.906000e-002 9.922000e-002 9.952000e-002 9.922000e-002 
k: 30000
times: 1.219000e-001 1.250000e-001 1.235000e-001 1.235000e-001 1.234000e-001 
k: 300000
times: 7.953000e-002 7.953000e-002 7.781000e-002 7.765000e-002 7.859000e-002 
k: 3000000
times: 1.015000e-001 1.006200e-001 1.000000e-001 1.016000e-001 1.000000e-001 
alg_name: top_k_n_ip_cpp
n: 100
k: 3
times: 6.391000e-007 6.437000e-007 6.391000e-007 6.391000e-007 6.454000e-007 
k: 30
times: 7.094000e-007 7.125000e-007 7.125000e-007 7.125000e-007 7.062000e-007 
n: 1000
k: 3
times: 1.296000e-005 1.296000e-005 1.297000e-005 1.282000e-005 1.280000e-005 
k: 30
times: 8.812000e-006 8.796000e-006 8.859000e-006 8.813000e-006 8.844000e-006 
k: 300
times: 9.704000e-006 9.671000e-006 9.672000e-006 9.671000e-006 9.688000e-006 
n: 10000
k: 3
times: 8.937000e-005 8.905000e-005 8.937000e-005 8.937000e-005 8.922000e-005 
k: 30
times: 9.187000e-005 9.172000e-005 9.173000e-005 9.189000e-005 9.172000e-005 
k: 300
times: 1.453000e-004 1.485000e-004 1.452000e-004 1.453000e-004 1.452000e-004 
k: 3000
times: 1.579000e-004 1.578000e-004 1.578000e-004 1.579000e-004 1.563000e-004 
n: 100000
k: 3
times: 1.078000e-003 1.063000e-003 1.079000e-003 1.063000e-003 1.078000e-003 
k: 30
times: 8.845000e-004 8.813000e-004 8.813000e-004 8.813000e-004 8.813000e-004 
k: 300
times: 8.657000e-004 8.624000e-004 8.642000e-004 8.641000e-004 8.657000e-004 
k: 3000
times: 1.078000e-003 1.046000e-003 1.046000e-003 1.046000e-003 1.046000e-003 
k: 30000
times: 1.344000e-003 1.344000e-003 1.312000e-003 1.328000e-003 1.327000e-003 
n: 1000000
k: 3
times: 1.219000e-002 1.171000e-002 1.173000e-002 1.188000e-002 1.188000e-002 
k: 30
times: 1.140000e-002 1.124000e-002 1.126000e-002 1.140000e-002 1.126000e-002 
k: 300
times: 1.327000e-002 1.344000e-002 1.327000e-002 1.329000e-002 1.359000e-002 
k: 3000
times: 7.438000e-003 7.484000e-003 7.454000e-003 7.454000e-003 7.469000e-003 
k: 30000
times: 7.608000e-003 7.735000e-003 7.687000e-003 7.625000e-003 7.687000e-003 
k: 300000
times: 1.062000e-002 1.046000e-002 1.062000e-002 1.048000e-002 1.062000e-002 
n: 10000000
k: 3
times: 1.141000e-001 1.141000e-001 1.141000e-001 1.155000e-001 1.171000e-001 
k: 30
times: 1.015000e-001 1.000000e-001 1.000000e-001 1.000000e-001 9.985000e-002 
k: 300
times: 1.219000e-001 1.266000e-001 1.250000e-001 1.297000e-001 1.266000e-001 
k: 3000
times: 1.006200e-001 1.000000e-001 1.016000e-001 1.007900e-001 1.000000e-001 
k: 30000
times: 1.297000e-001 1.280000e-001 1.313000e-001 1.280000e-001 1.313000e-001 
k: 300000
times: 1.125000e-001 1.125000e-001 1.141000e-001 1.157000e-001 1.126000e-001 
k: 3000000
times: 1.297000e-001 1.328000e-001 1.312000e-001 1.297000e-001 1.297000e-001 
